2948356
1431045
1663202
2488496
3659388
3170832
1895587
2096673
1392190
2338151
0816692
2267998
2084970
2015381
3011894
2278388
2582802
0993846
1979320
2024544
1392214
1853728
1345836
1954470
2106476
0848228
1675434
1291584
1454029
1201607
1832382
1504320
1255953
1375666
0435761
0892769
1130884
1187043
1305806
1028532
0361748
1049413
0978762
1220719
1205489
0468569
0910970
0469494
0758758
0440963
0477348
0482571
0407887
0457430
0405094
0434409
0372784
0401792
0405159
0395169
0363163
0347149
0338013
0167260
0364569
0266697
0325980
0266543
0353969
0264464
0338564
0167261
0253474
0317248
0268978
0120737
0198781
0245429
0169102
0211915
0246578
0209144
0208092
0118694
0180093
0245712
0172495
0120689
0137523
0169547
0167404
0133093
0120586
0120735
0120815
0120382
0118715
0118799
0119217
0119698
